home.location=23.57331801470762, 58.33842328754992
work.location=23.43318302828463, 58.47086190334765
polling.interval.minutes=30
notification.cooldown.minutes=5
